8.288553580017733111e+02
3.253663110896986836e+04
6.270426678481283489e+03
5.051038900847874174e+03
4.517366094282187987e+03
4.304015191792424957e+03
4.383865922763198796e+03
3.494878879620166572e+03
1.071269677238207078e+04
2.274613167051080381e+03
8.657631177225886859e+03
2.779311454521864562e+03
1.153432989157049815e+04
2.657091898366886198e+03
7.992405935320567551e+03
3.163521277064761762e+03
1.172400947069685753e+04
2.411753134809999665e+03
8.671497232866979175e+03
2.771595642470689199e+03
1.176962549211906662e+04
2.945212062038617660e+03
8.307318747448003705e+03
3.064490979552483168e+03
1.089309755096185290e+04
2.217298350663656493e+03
8.986837705019801433e+03
2.554398397147695505e+03
1.233057797886573644e+04
3.121059894939619426e+03
8.738706381196748225e+02
3.279954623794159124e+04
6.444661996519865170e+03
5.109264670917650619e+03
4.362330991861659641e+03
4.415551966713570437e+03
4.179684966594845719e+03
3.828142905528143274e+03
2.775588179208625661e+03
1.270601929130847202e+04
3.520671828173724862e+03
5.876563577142493159e+03
3.102226655494702754e+03
1.213422973819668005e+04
3.395291388569698483e+03
7.961828548551081440e+03
3.342998551748902173e+03
9.222997598818919869e+03
2.521310695032214426e+03
9.214621568653214126e+03
2.903972052182431071e+03
1.176736520775575445e+04
2.932233319935520285e+03
8.197123485113885181e+03
3.219174392643342344e+03
1.089295704102578020e+04
2.472243511015639342e+03
8.994097976982971886e+03
3.146381044763344562e+03
1.254201598336631469e+04
8.942151950625694781e+02
3.226409621852279452e+04
6.140507733075250144e+03
4.930649165878314307e+03
4.307352113543264750e+03
4.479854706190695651e+03
4.462182909198927518e+03
3.553959170326922049e+03
6.028165350528233830e+03
2.263184689223232908e+03
8.781957076307591706e+03
2.761971409010342541e+03
1.058064783144840294e+04
2.759914100339439301e+03
6.892250408515650633e+03
3.163848064724452797e+03
7.864098208386551960e+03
2.176539858233192263e+03
8.939216775343833433e+03
2.894630719171964756e+03
8.828433684129629910e+03
2.247953731872515164e+03
8.359257408440716972e+03
2.894468943421012682e+03
7.763110909255190563e+03
2.244687772343791949e+03
8.909720419344501352e+03
2.964989365186133000e+03
9.187999275696995028e+03
2.073037054489648199e+03
8.957323282447677002e+02
3.251136239060426306e+04
6.486821843198312308e+03
5.249888794385122310e+03
4.333772861602171361e+03
4.339120496891792754e+03
3.933942745005773759e+03
4.597358395488780843e+03
2.608161012040638070e+03
1.311932144165130012e+04
3.399422142076104592e+03
5.632493641254211070e+03
3.441910101435921206e+03
6.722102653258741157e+03
1.799910992305843820e+03
9.611921035416326049e+03
2.640703510274915971e+03
1.145935337784789954e+04
2.569805865060536689e+03
7.479567259817735248e+03
3.095325053076668610e+03
1.193914005386109784e+04
2.835416040768353469e+03
8.015329657163753836e+03
2.856385810696300268e+03
1.043705099953788522e+04
2.426265672675858241e+03
9.150743444512152564e+03
2.882775300575755409e+03
1.181909707860589879e+04
7.755146850323467334e+02
3.182545186884137729e+04
6.226996151859405472e+03
5.112315133536057147e+03
4.317112089136514442e+03
4.370921872575569068e+03
4.039077514597363006e+03
4.314782351552002183e+03
7.133960336780923171e+03
3.746734478514216335e+03
4.269831510096516467e+03
2.616371164004622642e+03
1.366345440617144959e+04
4.526805888892909934e+03
5.821341839175904170e+03
3.559885529591434533e+03
8.902279932835725049e+03
2.162951860134267008e+03
1.475221034670098561e+04
3.909825437939163294e+03
4.415991695105593863e+03
3.169110027428792364e+03
6.909803107068225472e+03
1.995711555141384906e+03
1.136554638465123389e+04
2.625250212280144297e+03
7.189813698546991873e+03
1.606075310517680009e+03
9.923327190752403112e+03
2.066406342914040124e+03
8.148656771753128396e+02
3.195393137505111372e+04
6.369390770994512422e+03
5.026910164336764865e+03
4.287770266109849217e+03
4.555467424473241408e+03
3.675053321587616210e+03
9.735398428197231624e+03
2.988833284159145023e+03
7.773044538389104673e+03
2.477703765212384042e+03
1.290758709537015602e+04
3.480626307991021804e+03
6.837820631434142342e+03
3.284998333584246211e+03
1.047724706675567177e+04
2.401505273709649373e+03
9.178662210373118796e+03
2.731835824300595959e+03
1.090466883573099949e+04
2.636393079067759572e+03
9.174980944312388601e+03
2.609519614653359895e+03
1.066305548070533223e+04
2.540325348284132360e+03
9.364820122774221090e+03
2.776630741526800648e+03
1.128535148768717772e+04
2.827300110102072722e+03
9.197886669771763991e+03
7.852179240473975597e+02
3.196385373765463373e+04
6.266534492094696361e+03
4.723804625371178190e+03
4.213223666179734209e+03
4.317159765480694659e+03
4.153046274321322926e+03
4.310132935870624351e+03
2.852141536834714316e+03
8.277999038166099126e+03
2.478216064024670231e+03
8.578425031117307299e+03
2.009494435074142530e+03
9.457890264492130882e+03
2.671885746582253432e+03
7.034990708128328151e+03
2.959204259895849646e+03
8.170628043356702619e+03
2.299514286223148247e+03
8.821084872630188329e+03
2.541082388419097697e+03
7.802190872313631189e+03
2.420158648399582034e+03
8.598650355441195643e+03
2.931889591633169857e+03
7.775712737015022867e+03
2.118398091251368896e+03
1.395348617991440915e+04
3.230077699087178189e+03
6.073839617182304210e+03
8.863553420311401396e+02
3.269338545125636665e+04
6.350287277706936948e+03
5.198694875247247182e+03
4.387929169917624677e+03
4.870673619884578329e+03
3.872157938707402536e+03
6.992014686548769532e+03
2.234600529154983633e+03
8.285135535695586441e+03
2.796092828960221141e+03
1.200028208971337517e+04
3.127752268766698307e+03
7.127523600887201610e+03
3.073322994412128537e+03
1.117294592237132201e+04
2.737282186332934089e+03
8.461069112708542889e+03
2.877372891785946649e+03
1.128837021334409837e+04
2.877437651809731506e+03
8.384668787648353828e+03
2.945667844447727930e+03
1.169189095024439484e+04
3.305335846122582097e+03
8.289631603386183997e+03
2.802229151808349343e+03
1.046947196464265835e+04
2.517301744894604781e+03
9.026467932880525041e+03
8.916278188882421318e+02
3.212470410701549918e+04
6.507815216635449360e+03
5.155608164792135540e+03
4.485240793557983125e+03
4.153526376551497378e+03
4.592209849912587742e+03
3.374941660287718150e+03
1.096601777887130083e+04
3.194381297008623733e+03
6.687430451456614719e+03
2.657602562319975732e+03
1.201198960145042656e+04
3.258543227773011040e+03
7.721159774716113134e+03
3.063966279252102140e+03
7.725974508668704402e+03
2.748765528324975094e+03
8.454926494596420525e+03
2.623098955512308748e+03
9.932775763049445231e+03
2.819191552631810282e+03
8.553332301566251772e+03
2.961284317638210723e+03
8.320584393697157793e+03
2.556557794023040515e+03
9.081260193964380960e+03
2.746287351739220412e+03
1.027059217962875846e+04
2.941024438711731364e+03
8.511328349438891792e+02
3.219940175070758414e+04
6.380202183345383673e+03
4.754008310985000207e+03
4.441065500296880600e+03
4.253103173249514839e+03
3.847350780747312456e+03
5.047237873280290842e+03
2.762583240624426253e+03
1.257509593523832518e+04
2.521044879646095978e+03
6.332561253406918695e+03
3.117123769154232832e+03
8.723223869917799675e+03
2.535195643418878262e+03
8.343340645348234830e+03
2.870231930656253553e+03
1.119324676054787778e+04
2.557095183871356312e+03
8.241838465407050535e+03
2.915589652443536579e+03
1.223656036980371027e+04
3.016350366356740778e+03
7.126282176671794332e+03
2.866508596758729709e+03
9.268948288984016472e+03
2.263056183870523000e+03
9.091010185188662945e+03
2.697814952344848280e+03
8.666405314655534312e+03
